function [opt,w1t,w1b] = SeparateOptY(odf)

% separate property - m
% odf contains 76 factors (1*76)
% opt is to be minimized
%

stiffness = [3.92265878412671,2.37230213355973,2.37230213355973,2.37230213355973,1.92704117922155,1.92704117922156,2.37230213355973,1.87074274820768,1.74114217442859,1.61149918564511,1.72017207511566,1.58643249216775,1.74137668804493,1.58579620778118,1.72017207511566,1.61190095641534,1.61190095641534,1.61149918564511,1.74114217442859,1.74114217442859,1.87074274820768,1.74114217442859,1.74511638897960,1.61190095641534,1.74137668804493,1.58643249216775,1.58579620778118,1.61190095641534,1.72017207511566,1.72017207511566,1.74511638897960,1.17555554664361,1.17555554664361,0.851696350136051,1.43030924273274,1.45951963432231,1.40626633897950,1.43030924273274,1.43030924273274,1.45951963432231,1.43030924273274,1.40626633897950,1.45951963432231,1.43030924273274,1.18334351784691,1.43030924273274,1.19170179982364,1.43030924273274,1.19170179982364,1.40626633897950,1.18334351784691,1.45951963432231,1.18334351784691,1.19170179982364,1.18334351784691,1.40626633897950,1.19170179982364,1.43030924273274,1.76406599148342,1.54513286280224,1.62363647597627,1.76406599148342,1.54513286280224,1.68746182246148,1.68438065181960,1.68746182246148,1.68438065181960,1.68438065181960,1.62363647597627,1.68438065181960,1.28523267882625,1.28523267882625,1.26587691737732,1.28523267882625,1.28523267882625,1.26587691737732;2.50123117197932,0.875728007565777,0.875728007565777,1.32098896190395,1.32098896190395,1.32098896190395,1.32098896190395,0.790853364347103,0.715830391528247,0.715830391528247,0.790853364347103,0.740897085005610,0.715194107141681,0.870774587405430,0.790853364347103,0.715194107141681,0.870774587405430,0.715830391528247,0.740897085005610,0.715830391528247,0.790853364347103,0.740897085005610,0.916479723575177,0.715194107141681,0.715194107141681,0.740897085005610,0.870774587405430,0.870774587405430,0.916479723575177,0.916479723575177,0.916479723575177,0.300548021173026,0.624407217680589,0.624407217680589,0.433431267397278,0.426668382263100,0.426668382263100,0.433431267397278,0.433431267397278,0.649591203395693,0.672038710306376,0.426668382263100,0.426668382263100,0.433431267397278,0.649591203395693,0.672038710306376,0.672038710306376,0.672038710306376,0.672038710306376,0.702844498738500,0.649591203395693,0.649591203395693,0.702844498738500,0.672038710306376,0.702844498738500,0.702844498738500,0.672038710306376,0.672038710306376,0.630618415758867,0.571809275471667,0.571809275471668,0.630618415758867,0.571809275471667,0.707222584780812,0.707222584780812,0.707222584780812,0.630618415758868,0.630618415758868,0.571809275471668,0.707222584780812,0.459549419132756,0.478905180581689,0.478905180581689,0.459549419132756,0.478905180581688,0.478905180581689;2.50123117197932,1.32098896190395,1.32098896190395,0.875728007565777,1.32098896190395,1.32098896190395,0.875728007565777,0.765909050483156,0.740897085005610,0.870540073789095,0.916479723575177,0.870540073789095,0.741298855775840,0.741298855775841,0.916479723575177,0.870774587405430,0.715194107141681,0.870540073789095,0.715830391528247,0.740897085005610,0.765909050483156,0.715830391528247,0.765909050483156,0.870774587405430,0.741298855775840,0.870540073789095,0.741298855775840,0.715194107141681,0.790853364347103,0.790853364347103,0.765909050483156,0.624407217680589,0.300548021173026,0.624407217680589,0.672038710306376,0.649591203395693,0.702844498738500,0.672038710306376,0.672038710306376,0.426668382263100,0.433431267397278,0.702844498738500,0.649591203395693,0.672038710306376,0.702844498738500,0.433431267397278,0.672038710306376,0.433431267397278,0.672038710306376,0.426668382263100,0.702844498738500,0.426668382263100,0.649591203395693,0.672038710306376,0.649591203395693,0.426668382263100,0.672038710306376,0.433431267397278,0.627537245116987,0.650312888645698,0.571809275471668,0.627537245116987,0.650312888645698,0.627537245116987,0.630618415758868,0.627537245116987,0.707222584780812,0.707222584780812,0.571809275471668,0.630618415758868,0.478905180581689,0.459549419132756,0.478905180581689,0.478905180581689,0.459549419132756,0.478905180581689;4.33680868994202e-19,4.33680868994202e-18,4.33680868994202e-18,0,6.93889390390723e-18,-7.80625564189563e-18,0,0.0958466796378799,0.0847304574886864,-0.00379539112737438,0.132469304932405,-0.123237364078664,-0.0848213214989641,0.122945891901082,-0.132469304932405,-0.00357972386988212,-0.00357972386988213,0.00379539112737438,-0.0847304574886864,-0.0847304574886864,-0.0958466796378799,0.0847304574886864,-0.00919543318216410,0.00357972386988212,0.0848213214989641,0.123237364078664,-0.122945891901082,0.00357972386988213,-0.132469304932405,0.132469304932405,0.00919543318216410,1.73472347597681e-18,0,0,-0.0524116643128560,0,-0.0606162277337302,0.0524116643128560,-0.0524116643128560,0,-0.0524116643128560,0.0606162277337302,0,0.0524116643128560,-6.93889390390723e-18,0.0524116643128560,0.0171088278868763,0.0524116643128560,0.0171088278868763,-0.0606162277337302,0,0,0,-0.0171088278868763,-6.93889390390723e-18,0.0606162277337302,-0.0171088278868763,-0.0524116643128560,-0.0971188522021414,0.0160572313604936,0.0874602899409251,0.0971188522021414,-0.0160572313604936,-0.0263197014681289,0.0285051270865639,0.0263197014681289,0.0285051270865638,-0.0285051270865638,-0.0874602899409251,-0.0285051270865638,-6.93889390390723e-18,8.67361737988404e-18,-0.00521593888687687,0,-1.73472347597681e-18,0.00521593888687687;-2.14672030152130e-17,-2.38524477946811e-18,2.38524477946811e-18,-0.279707002324932,-1.56125112837913e-17,2.77555756156289e-17,0.279707002324932,-0.119168811802757,-0.161380336505989,-0.0466733810818245,-0.145314679169838,-0.131403838570511,-0.160929553115278,-0.164509276985160,0.145314679169838,0.0465105280176293,-0.240160057126536,0.0466733810818245,-0.116420626852241,0.161380336505989,0.119168811802757,0.116420626852241,-0.251638116735161,-0.0465105280176293,0.160929553115278,0.131403838570511,0.164509276985160,0.240160057126536,-0.165957233505894,0.165957233505894,0.251638116735161,0,0,-2.16840434497101e-18,-0.0662442890152761,-0.0927176574217275,0,-0.0662442890152761,0.0662442890152761,0,-0.00855441394343812,0,0.0927176574217275,0.0662442890152761,-6.93889390390723e-18,0.00855441394343812,-0.118655953328132,-0.00855441394343812,0.118655953328132,0,0,0,-0.153333885155458,-0.118655953328132,0.153333885155458,0,0.118655953328132,0.00855441394343812,-0.0709578919910653,0.0437301449704626,-0.0517315704830677,0.0709578919910653,-0.0437301449704626,0.0424527649045016,0.0159709307885922,-0.0424527649045016,-0.0363851112314551,0.0363851112314551,0.0517315704830677,-0.0159709307885922,0,0.00260796944343847,-6.93889390390723e-18,0,-0.00260796944343847,8.67361737988404e-18;1.21430643318377e-17,0.489744261602353,-0.489744261602353,0.0249259463164773,4.33680868994202e-18,-2.08166817117217e-17,-0.0249259463164773,0.305691618963286,0.303981625650545,0.332513690582841,0.349419955511231,-0.195537127009876,-0.111610786989980,0.146995921783483,0.190062473521103,-0.332997708809797,0.108561408463811,0.316267332591895,-0.183641681965016,0.110899324676490,0.199485559658557,-0.286081704854449,-0.00998480090042085,-0.316609570650110,-0.304607000432364,-0.328598599245405,0.131994221832340,0.0118723853223125,-0.148582959893594,-0.169703614373966,-0.134490759372676,0,8.67361737988404e-19,2.16840434497101e-18,0.0651653027199432,0.0978259894292624,0,0.0708990475376335,-0.0651653027199432,0.123719789087864,0.112605587386065,0,-0.0978259894292624,-0.0708990475376335,-0.200029027356864,0.0557889306329610,0.154244337498205,-0.0557889306329610,-0.154244337498205,0,0.200029027356864,-0.123719789087864,0.00363443335215516,-0.122271997917426,-0.00363443335215515,0,0.122271997917426,-0.112605587386065,0.131490491487058,-0.0795335388954044,0.0333412789259183,-0.0570228604431414,-0.0585082950083627,0.0882890929049797,0.0232910675857661,0.0263576571421637,0.0550638386088460,0.0382616465858467,-0.136159280626705,